955, 345
831, 362
325, 565
55, 559
616, 299
1125, 348
616, 374
54, 559
319, 572
952, 326
829, 364
324, 570
609, 304
828, 367
611, 372
53, 559
324, 559
493, 179
928, 394
830, 363
616, 355
322, 573
494, 185
930, 398
829, 367
952, 343
326, 560
495, 188
668, 279
829, 365
327, 554
495, 185
929, 321
953, 338
830, 370
792, 335
330, 567
496, 189
830, 369
328, 549
929, 399
627, 278
954, 339
830, 369
327, 546
499, 189
629, 277
954, 338
823, 373
330, 553
498, 188
954, 341
618, 365
332, 560
493, 191
831, 358
42, 587
498, 190
330, 554
954, 334
331, 557
47, 580
954, 339
329, 552
494, 184
680, 318
994, 345
829, 365
40, 574
952, 341
325, 548
664, 318
828, 369
43, 576
952, 339
329, 556
610, 299
949, 344
33, 510
44, 564
331, 573
953, 338
829, 366
30, 578
327, 554
65, 565
337, 588
954, 338
36, 573
615, 371
607, 376
928, 394
50, 543
330, 556
953, 338
833, 370
328, 567
60, 548
830, 369
609, 376
330, 574
61, 555
830, 361
610, 376
327, 538
54, 554
829, 363
342, 599
609, 373
63, 546
830, 363
609, 368
330, 574
69, 543
828, 367
326, 608
610, 370
76, 543
495, 185
952, 340
827, 368
81, 541
335, 576
829, 365
609, 376
84, 566
334, 588
495, 185
826, 373
94, 572
615, 375
336, 571
68, 529
92, 562
614, 373
340, 583
66, 586
314, 489
91, 539
615, 374
337, 587
366, 634
953, 341
91, 540
619, 376
332, 599
955, 341
826, 373
618, 376
343, 578
97, 545
1166, 321
97, 551
953, 342
379, 624
344, 567
919, 446
338, 627
953, 343
378, 616
106, 537
617, 286
955, 342
345, 588
495, 183
113, 538
649, 280
138, 168
614, 375
111, 516
345, 579
996, 344
918, 447
954, 346
828, 372
138, 167
97, 580
502, 187
650, 279
920, 449
955, 339
827, 373
138, 169
612, 377
129, 533
495, 184
349, 568
920, 453
954, 337
137, 170
496, 185
135, 532
1084, 252
956, 330
919, 450
352, 492
138, 166
614, 377
136, 528
1085, 252
953, 338
143, 521
332, 530
139, 167
51, 560
506, 189
666, 281
956, 338
139, 164
611, 373
152, 526
504, 189
366, 570
956, 336
908, 517
384, 652
140, 163
613, 375
151, 517
957, 337
396, 489
616, 368
341, 551
160, 521
954, 337
390, 494
913, 359
832, 353
617, 367
160, 524
956, 337
169, 543
616, 376
951, 335
361, 662
616, 370
342, 548
502, 193
178, 500
951, 336
832, 359
399, 496
612, 364
686, 316
174, 515
363, 575
394, 640
395, 493
338, 532
618, 361
173, 514
396, 647
174, 506
336, 515
604, 281
956, 332
341, 542
398, 654
402, 493
55, 557
191, 512
599, 277
956, 337
830, 366
404, 490
199, 521
680, 321
960, 336
830, 362
193, 495
406, 496
215, 535
615, 375
55, 559
954, 337
995, 345
828, 370
406, 493
209, 523
54, 560
496, 186
676, 320
953, 345
408, 493
210, 526
495, 186
957, 335
198, 458
222, 550
496, 185
215, 524
955, 337
360, 573
495, 185
405, 502
214, 518
635, 281
380, 510
219, 513
952, 336
361, 559
389, 496
219, 512
955, 338
362, 561
227, 502
955, 337
391, 504
225, 497
371, 566
954, 337
398, 501
613, 375
372, 571
234, 503
758, 248
949, 350
833, 362
398, 508
615, 374
380, 575
233, 510
831, 368
239, 517
612, 376
403, 506
244, 508
613, 374
919, 399
826, 373
613, 371
251, 498
495, 184
828, 369
953, 337
252, 495
613, 375
391, 577
495, 183
957, 337
828, 366
613, 376
248, 502
411, 499
391, 575
495, 180
953, 343
828, 369
253, 493
609, 375
389, 569
494, 183
829, 365
260, 508
613, 376
418, 503
400, 577
495, 185
928, 401
269, 521
385, 552
954, 341
250, 477
611, 373
420, 506
494, 180
269, 495
955, 343
831, 371
442, 550
611, 373
419, 511
53, 559
401, 575
495, 183
958, 342
831, 369
613, 372
271, 493
421, 509
402, 578
956, 343
832, 366
613, 375
270, 484
51, 558
831, 368
390, 560
617, 375
271, 479
928, 401
275, 486
828, 373
613, 372
427, 519
409, 590
928, 401
958, 338
279, 493
616, 374
427, 518
406, 585
281, 501
832, 370
943, 375
406, 588
830, 370
435, 538
407, 590
930, 398
302, 469
1169, 325
955, 338
830, 372
409, 601
668, 324
296, 498
1167, 322
957, 339
290, 477
440, 536
407, 582
960, 340
830, 363
439, 535
289, 485
409, 593
830, 360
291, 471
308, 502
399, 566
954, 343
831, 366
296, 457
955, 340
447, 539
496, 186
957, 338
830, 366
436, 542
295, 484
496, 182
830, 367
447, 543
614, 372
311, 485
336, 506
414, 595
928, 401
932, 322
413, 585
829, 367
610, 374
946, 384
331, 494
957, 336
333, 501
417, 598
612, 373
300, 492
334, 498
453, 542
613, 375
426, 599
955, 343
329, 502
430, 571
456, 550
613, 375
960, 337
463, 545
426, 573
325, 490
830, 358
332, 507
430, 588
321, 454
463, 555
831, 362
331, 480
464, 555
498, 185
443, 580
424, 585
828, 371
943, 373
335, 482
498, 185
1082, 251
936, 318
426, 590
955, 341
831, 367
337, 476
957, 338
830, 365
339, 474
474, 563
942, 310
955, 338
831, 363
340, 474
928, 320
829, 363
444, 579
953, 345
506, 587
458, 582
438, 584
828, 369
345, 485
487, 561
827, 368
953, 346
344, 477
446, 586
493, 556
1167, 318
348, 489
953, 335
831, 370
493, 561
954, 334
829, 369
352, 490
496, 562
953, 326
829, 365
350, 491
667, 279
957, 336
831, 361
357, 495
500, 566
929, 319
957, 336
832, 365
355, 470
504, 569
657, 278
927, 320
955, 338
357, 465
510, 570
668, 275
956, 337
832, 357
364, 473
613, 372
516, 578
493, 180
956, 336
473, 607
516, 582
954, 337
829, 367
368, 481
514, 575
481, 613
370, 477
520, 587
920, 398
372, 482
480, 617
953, 341
830, 371
523, 584
611, 373
1085, 254
956, 338
371, 474
485, 616
827, 372
42, 148
523, 585
669, 275
1081, 251
927, 321
830, 359
410, 449
380, 481
487, 619
616, 372
524, 583
829, 365
376, 483
494, 617
615, 375
829, 362
403, 492
374, 476
954, 334
536, 587
664, 279
830, 360
374, 479
409, 490
498, 624
953, 335
1090, 251
927, 320
956, 336
377, 469
405, 493
829, 369
553, 597
498, 619
927, 320
958, 339
829, 366
378, 472
408, 489
553, 591
573, 618
636, 328
1084, 251
926, 322
957, 338
831, 361
379, 481
404, 496
612, 371
562, 609
956, 337
831, 366
383, 466
406, 502
611, 371
498, 195
1085, 252
954, 337
830, 361
386, 473
612, 373
409, 477
574, 601
674, 280
1084, 249
958, 335
828, 367
386, 452
413, 502
392, 504
612, 375
581, 617
953, 339
828, 362
390, 468
669, 288
858, 335
955, 335
831, 368
914, 368
385, 412
402, 468
614, 375
954, 328
402, 460
405, 471
934, 320
828, 361
405, 461
611, 374
829, 360
408, 463
955, 346
570, 646
611, 370
830, 359
411, 463
955, 341
612, 372
957, 340
830, 360
914, 365
413, 456
612, 372
831, 359
415, 460
830, 359
914, 371
418, 458
138, 167
829, 365
952, 343
420, 471
941, 443
612, 370
421, 477
953, 335
139, 167
423, 470
953, 335
619, 361
952, 336
830, 359
423, 463
614, 369
829, 362
425, 460
953, 338
138, 166
830, 357
427, 456
953, 338
137, 166
613, 370
954, 331
830, 360
428, 481
137, 168
619, 361
831, 362
428, 470
612, 372
829, 361
431, 452
906, 518
954, 342
612, 373
833, 362
433, 454
613, 372
48, 124
436, 465
829, 360
955, 338
439, 466
612, 377
828, 366
435, 452
954, 336
612, 377
974, 311
432, 453
908, 517
956, 332
828, 358
956, 323
439, 448
612, 373
958, 326
832, 362
438, 457
952, 337
444, 449
614, 369
828, 365
441, 455
949, 338
611, 373
56, 555
956, 339
947, 371
829, 367
442, 458
610, 374
829, 365
447, 447
422, 446
938, 441
951, 340
951, 338
829, 366
446, 460
468, 457
830, 367
450, 443
938, 441
472, 459
952, 345
957, 333
830, 363
461, 454
610, 372
952, 347
458, 452
828, 369
941, 434
610, 372
959, 343
459, 458
647, 353
956, 341
829, 360
459, 442
936, 447
614, 374
650, 351
955, 341
464, 452
829, 366
953, 348
831, 364
467, 457
611, 370
950, 350
467, 444
831, 364
942, 398
661, 334
952, 351
660, 384
469, 450
960, 340
828, 365
464, 442
878, 318
959, 339
829, 368
471, 442
615, 372
959, 335
472, 454
828, 366
611, 373
830, 358
946, 361
474, 449
138, 154
932, 317
827, 365
473, 461
944, 360
828, 365
477, 449
616, 371
45, 149
829, 363
480, 447
44, 150
926, 391
481, 446
955, 333
612, 368
958, 339
947, 358
481, 449
645, 339
954, 339
829, 364
480, 455
45, 147
936, 318
828, 363
485, 443
954, 337
1126, 330
953, 341
829, 360
487, 443
957, 333
997, 341
828, 363
488, 440
954, 343
996, 341
829, 362
490, 445
938, 410
621, 280
953, 341
498, 398
955, 341
492, 442
825, 369
492, 438
827, 367
671, 318
926, 394
959, 342
494, 442
920, 447
829, 369
494, 441
828, 368
135, 164
680, 321
922, 380
493, 440
828, 370
612, 372
674, 321
921, 383
955, 337
500, 390
958, 338
496, 432
615, 374
927, 317
954, 340
918, 445
826, 372
612, 372
666, 322
500, 399
1086, 254
956, 340
831, 363
499, 440
665, 315
957, 340
829, 368
500, 435
667, 308
913, 381
829, 366
504, 435
651, 337
949, 353
504, 438
134, 173
668, 320
505, 452
825, 371
673, 324
827, 369
508, 441
135, 165
668, 318
828, 366
947, 358
511, 434
135, 169
613, 371
829, 368
511, 435
136, 165
615, 372
513, 437
663, 323
920, 382
828, 368
513, 436
613, 281
946, 359
914, 368
515, 438
920, 453
828, 369
498, 190
666, 319
610, 283
961, 340
517, 431
826, 371
612, 372
668, 321
921, 379
995, 344
829, 361
517, 434
613, 373
659, 332
925, 381
994, 343
827, 369
520, 433
611, 367
498, 185
680, 314
928, 381
927, 320
956, 339
827, 367
921, 453
521, 437
137, 164
611, 372
497, 172
995, 344
828, 364
521, 435
612, 369
496, 164
926, 383
994, 345
829, 363
524, 440
139, 164
609, 373
496, 173
922, 380
995, 345
829, 364
524, 433
921, 453
613, 368
667, 316
958, 340
828, 368
523, 437
140, 162
614, 365
830, 362
524, 446
919, 456
610, 365
51, 138
1091, 250
956, 339
830, 362
526, 443
140, 163
613, 367
955, 319
828, 367
938, 440
540, 369
612, 371
527, 438
830, 364
529, 441
956, 337
830, 361
532, 438
954, 339
615, 365
930, 320
953, 339
829, 363
533, 441
928, 319
829, 360
533, 433
953, 341
612, 370
930, 319
831, 362
533, 435
956, 333
611, 373
832, 363
535, 436
612, 369
955, 339
831, 361
612, 369
499, 195
540, 388
928, 321
959, 338
831, 364
534, 434
942, 445
831, 359
537, 437
832, 358
954, 336
540, 386
957, 340
830, 359
537, 427
940, 443
955, 339
828, 367
537, 428
557, 440
941, 440
619, 354
955, 336
538, 430
827, 365
615, 367
831, 363
539, 436
555, 439
957, 335
532, 366
941, 440
617, 364
829, 361
542, 435
956, 334
616, 368
833, 358
946, 442
548, 423
955, 335
830, 363
546, 429
706, 358
615, 368
661, 319
954, 340
830, 360
549, 423
616, 370
830, 360
548, 421
958, 333
40, 156
1020, 296
830, 365
550, 428
956, 332
831, 365
552, 422
956, 332
614, 374
929, 320
829, 366
556, 431
941, 440
615, 368
829, 362
553, 434
615, 366
927, 322
830, 365
554, 431
613, 371
830, 363
557, 423
141, 161
615, 370
952, 330
831, 361
557, 423
939, 430
143, 165
612, 370
830, 360
559, 429
957, 333
140, 164
606, 301
960, 337
830, 366
561, 432
141, 162
830, 363
658, 382
560, 420
40, 151
958, 326
830, 363
562, 430
613, 375
663, 323
